200
9732 19 
34279 70399 68587 25547 45457 46395 59657 91031 14832 27469 30621 23745 16150 21619 5122 97489 97694 23923 50564 
6112 19 
54018 86659 95625 93072 27539 61716 47382 1051 87586 31668 13248 21317 78666 40142 96465 95722 57834 6901 71160 
8408 19 
4098 13455 47632 23569 9756 40222 82975 23584 46750 27938 5279 35896 37821 69966 16222 31076 63077 3312 22006 
2631 20 
91910 30747 95646 53154 46628 92325 98470 72613 28844 63405 49839 65968 27196 86463 11334 48846 41551 39248 72913 51443 
1478 20 
70272 11030 16541 94114 29736 94760 44076 95287 56764 99281 40915 31959 88154 16091 3165 29280 89956 21990 59763 81910 
1764 19 
77315 56196 13065 11406 64281 56985 48550 20779 47404 14379 12587 14640 12597 56758 21325 54107 65649 65781 44025 
3597 20 
30212 43268 10118 95110 59146 40462 11413 90138 26650 43181 44464 82493 73670 37962 15572 76133 90342 55285 84345 12667 
4255 20 
63616 49819 86820 77860 67242 99761 96564 86205 80831 86341 72649 81866 36939 26711 4701 56287 30433 82795 43634 64636 
5294 20 
87435 93228 99504 78899 48438 16698 93883 28350 78911 22848 48322 35912 24523 98765 77661 42723 95852 80627 14456 22139 
1670 20 
76288 51718 16775 68239 4625 3093 7834 56610 71716 68138 3253 68278 2236 38845 9793 74694 23129 1764 63980 93037 
5172 20 
4624 78612 40985 22553 57499 45727 52269 71104 70466 5955 32583 17102 52564 6742 863 8430 24432 57587 67828 51447 
1401 20 
40839 650 89744 18325 21662 77727 41249 63672 85309 35776 4430 32087 88283 36831 25313 10209 33765 59882 99567 63603 
5065 19 
40458 75917 63892 3096 32542 28703 20130 62380 99758 71471 311 28614 71880 69453 77520 89812 6870 99038 9950 
4271 20 
29450 61454 68113 48279 26395 24347 16292 34348 44465 12340 71604 43577 86717 11583 18754 1111 28379 49633 54256 20987 
1542 20 
2698 32276 37154 48422 88883 47800 74937 91068 23501 53326 41041 43483 25437 50781 41059 86246 57961 46442 35572 20852 
5006 20 
54408 21514 57867 12938 25614 53649 46101 39830 95257 76702 64415 6050 54828 50106 91079 68314 30427 35815 18289 
9582 20 
72460 62732 76051 49047 79771 57117 82593 80930 84645 15781 26027 68781 65333 75325 25539 38096 71517 91380 18295 72058 
2595 20 
20237 21527 58789 56102 85163 47277 89403 99774 74434 6211 43589 32210 53077 14294 4574 37988 7402 65394 24051 68600 
2829 19 
82823 96141 56084 27028 60182 13207 85013 85274 77091 74154 91436 8252 97725 9546 52043 85080 41562 97508 91369 
6910 20 
83844 10629 68231 59656 92039 1819 79901 24360 29866 15916 34096 42546 1461 84035 30148 15432 77514 29904 72794 74100 
1959 20 
15504 30360 65440 79779 40740 33065 92586 66986 78377 26926 37814 22070 30904 80465 37462 6488 26841 58849 8816 2558 
7197 19 
85002 70548 57881 45087 35493 23852 32052 9789 50884 17486 40527 60373 33752 47711 57825 37221 22905 79354 29183 
5287 20 
74627 3206 27536 80276 8987 10141 84768 85930 69034 25386 70320 28737 78017 3028 25182 7137 61540 74984 45300 6389 
2935 19 
79361 89879 37916 89387 84668 68413 1992 29005 94414 63695 14544 91478 34906 44126 75105 7784 13418 37879 34047 
8696 20 
82577 24855 38304 35619 3876 78115 94634 82092 45104 17085 77630 89554 5076 87902 44776 2284 66416 42488 86267 65791 
7339 20 
37395 99861 32405 28568 43162 56101 5671 29480 29228 2107 78398 72783 50903 53848 47960 32093 95078 18156 27500 77692 
3169 20 
39686 61712 50325 47381 45464 91815 21040 14258 28600 32833 27591 88523 83548 68833 55535 21488 51699 97013 81404 27517 
1598 19 
81280 9729 3331 56326 64519 10902 79514 11831 57788 34493 13254 93254 76495 11607 38745 30557 51557 38763 17390 
9487 20 
32525 2958 54543 24335 6038 32426 75819 76083 32950 9282 52169 62805 72923 64606 42850 35812 98040 30970 75389 26750 
9692 17 
95232 59362 38246 89000 53196 6893 4046 44492 94674 17138 70740 10196 45235 90107 49181 12574 991 
9806 20 
5897 91531 66069 7833 32539 90405 27565 63040 17347 25166 49240 3034 66792 75753 5999 45685 23799 51194 26491 48636 
7901 19 
18318 57998 51089 88594 88339 2992 83517 72008 29644 80845 29395 26579 46423 10970 57830 58602 83308 99186 16893 
7815 19 
56576 9755 6691 5927 35113 82861 99502 21168 69558 43089 90067 83165 29279 90719 47844 65395 79735 13176 48124 
1424 19 
37377 5751 76808 75658 70030 62620 88092 78366 43196 74316 60367 18512 88912 75603 32595 82775 35687 88949 503 
3177 20 
70659 11779 95748 3463 42259 3862 6937 72611 53291 61995 47795 36917 22071 35387 77499 41280 87898 20571 95194 8418 
3454 19 
19732 55062 31384 7321 65309 4898 32422 61351 68136 98346 84783 34871 9148 65984 65362 79703 19304 52330 65778 
5280 20 
74762 20382 23202 40099 85419 33324 43188 82615 40635 13124 25926 54599 7245 59088 79446 24160 18672 85492 61687 
2493 20 
95617 58246 43399 76814 33551 57871 83473 74389 33432 40108 48818 8519 63953 15829 79579 35806 32355 42085 39918 4729 
5036 20 
53126 58639 92696 39032 35359 85664 18083 29604 9900 30645 52674 579 13644 45519 40914 13524 39903 77929 46328 
9294 20 
72711 37909 89243 87581 68640 59429 57516 23597 97076 48181 54341 16973 57295 96726 42080 7009 37479 747 33522 42870 
1750 20 
84480 64392 11023 41618 44587 68908 62902 70715 28733 10305 91723 80077 74833 3419 54370 91749 97517 7149 68603 18814 
2643 20 
48641 46099 38170 72861 70175 60965 88998 47531 60587 19499 16944 92984 571 31813 72542 47714 92516 27112 55530 14964 
8407 17 
58976 71975 43528 61032 1674 13322 53003 553 71533 35536 24530 29682 73812 90837 32342 36215 49023 
4630 20 
7177 54033 28823 29479 84525 43959 7100 94786 79817 82768 57171 48216 91356 66660 67946 84719 368 72945 47610 69243 
904 17 
53568 37057 96928 62617 16486 31208 44808 90569 24713 28012 1135 64466 7538 97527 86297 71323 26397 
3120 20 
81665 16260 85769 70284 75149 72215 807 3756 54200 82105 99902 92494 45779 95577 89957 74725 41195 63599 86000 80761 
2644 20 
45568 43777 84739 4356 25096 53516 35476 21544 27945 91944 86827 6193 45494 8260 86734 76246 35291 57696 45285 25465 
661 20 
31489 87312 32402 44823 9112 46618 50977 77606 48941 55860 41272 26557 15297 49350 15973 66405 86001 25973 83190 5110 
2995 18 
5441 74081 21413 9318 18246 52134 43436 30414 34544 63121 52146 57138 84242 30202 19577 5274 19261 1247 
4401 17 
8449 2498 96546 10694 89240 66987 176 91057 12535 55061 40054 92631 53624 13369 90009 27963 55517 
1133 20 
23940 23045 89093 6023 35861 84375 41625 4635 48670 80544 67618 20269 28103 50898 22869 41188 20708 87020 21741 24559 
7358 20 
6016 81543 46729 51487 8226 45114 36550 34122 65619 63957 59605 47834 34271 65508 81897 88944 67570 30585 46203 41726 
8046 20 
1801 23451 13731 16932 67877 35624 59572 70965 89532 19009 51652 47686 80588 53710 70753 52846 93679 9462 53756 48638 
2560 19 
12033 9355 87694 36243 53012 50332 90653 47035 30532 57157 23625 3919 46678 42077 61536 47585 54891 34286 98687 
3928 20 
49155 81414 98055 1040 99984 36372 76960 15018 94388 30902 20790 79929 88388 75480 45529 27612 67684 11109 32229 41979 
5763 20 
95236 71306 94605 53009 59160 63137 37166 66230 75194 66108 68800 26444 76502 59364 69478 25576 78572 86642 24823 53371 
1364 20 
95115 31631 50191 67215 7442 18075 61473 83629 46785 35016 43337 36175 53457 16602 13278 78179 22118 9703 5480 6637 
9029 19 
16128 9474 54927 90513 14741 67865 15784 15282 67385 93249 87109 63312 26710 86492 15325 76134 8174 73968 21238 
5621 19 
3209 56717 59919 4633 19098 28194 7845 52140 94534 91081 12746 80098 78307 14822 32620 45934 34928 27127 60026 
4139 19 
66706 17427 22546 81556 37278 98735 4532 31160 99384 56378 15677 29502 31040 42697 88407 54109 58217 49140 30583 
8728 19 
71936 50050 35203 18116 74978 74374 15654 72584 35881 81479 73194 33260 47730 87702 10134 65433 69082 56671 
1606 19 
89988 87052 22806 60313 82204 70957 70198 16695 70712 74681 81083 443 95307 81745 73298 93400 5223 14572 92791 
2830 20 
2816 11521 65030 66058 22923 74125 69904 52506 27169 93477 85802 24754 73779 62515 50999 81508 2023 3571 43765 
3015 20 
18432 60802 61320 84758 44696 57506 10788 45093 45619 34244 55366 56574 59103 32227 4840 12014 50932 34807 62459 94206 
1949 20 
1416 98832 82966 41367 18968 5658 24096 77607 46254 75188 2883 21318 29512 7767 71256 63589 99686 52845 99572 96757 
4188 20 
53254 74653 40737 98086 9776 94512 65716 95029 49469 61376 55107 4685 24790 48855 78816 9443 3949 61295 42996 78967 
6727 19 
89985 33423 68367 99493 169 33345 35650 20419 89031 9678 27475 71129 46683 99419 3037 62815 751 9975 53500 
5311 19 
71301 82953 37385 26765 40337 27 85283 31674 52285 73422 41168 76763 5980 66267 81510 47594 88308 75001 56186 
4513 20 
88072 60048 40848 47890 85018 49050 48415 11304 5672 38189 77628 52031 38979 22984 38479 60769 63081 28662 71928 4090 
251 20 
2436 30980 28038 6156 51726 36245 30613 36247 42139 49704 41394 43465 68948 42849 88034 56930 80354 16364 96369 380 
3340 18 
96673 34884 33191 82696 77225 76201 89643 37866 8177 1489 66710 23964 7453 45755 31484 46621 64382 54815 
5073 19 
36875 41490 30100 45208 48921 61732 73007 68016 40888 1600 86595 10573 21584 46035 92389 54000 1651 70780 17662 
9530 19 
27657 65930 5518 71577 18334 72234 30646 3263 8645 3782 78919 59229 94433 91234 70247 84206 83438 71665 46332 
6712 19 
76611 4260 36804 60773 10214 55337 21673 82890 8461 4014 62255 87917 85203 14454 90135 28022 72059 15454 
5747 20 
84961 6244 5477 31431 4551 58762 28043 22476 61271 76982 65590 29847 10681 4922 17337 49244 73983 
9717 20 
17668 81030 36358 85268 31011 54700 80175 71094 89528 87353 53060 24005 49619 83029 80746 17131 8818 10492 31613 34430 
9619 19 
8715 81817 63514 33053 99231 97570 89384 22074 41545 71889 4945 67923 66905 53603 16869 93670 94054 59750 74864 
4951 20 
80866 58531 83976 4648 81802 96872 84586 54317 97325 99435 17168 60464 60946 47056 79988 9077 17051 
9242 19 
29313 49420 78355 1941 6430 52262 42919 54825 89260 3638 74072 86748 21470 10725 37862 31590 37102 26479 33400 
4275 20 
71821 70417 80800 46631 32042 60857 39744 86342 63686 86091 99148 92110 95189 98905 47970 21220 93416 4338 2809 80892 
9805 20 
3203 77204 54566 69928 85938 23730 60084 82251 205 34639 64975 30928 53462 20438 61658 30299 55021 25462 63350 57977 
2611 19 
85641 55573 20379 20784 70329 29626 30014 97483 35787 75980 2252 57813 52184 72537 2013 42207 46689 71017 29310 
7219 17 
46688 99905 52610 80035 95844 76261 61498 65577 83244 8046 30095 79025 10771 6933 56374 10232 81402 
3525 19 
33222 54655 26248 80204 72796 9648 22992 60690 28338 11729 53202 89782 99793 97816 88124 39839 
5928 20 
30727 6800 48786 58003 6437 92971 9901 58680 2104 89660 16327 46283 71629 42070 89184 98020 73704 70381 93169 
6008 20 
60417 5250 65795 54791 11410 43410 29348 45867 87851 14507 80558 36282 79165 34879 84551 24401 96729 29920 34661 49132 
8385 19 
47878 99595 62862 41505 8231 17066 88746 44086 42303 50374 74830 75733 42967 10972 22621 12131 69228 48764 98942 
1962 19 
29826 51671 96098 73637 2502 58664 44428 82765 69742 62671 68175 30483 78135 96281 73818 84765 10878 
2054 20 
91659 64013 78222 45711 27668 2201 80293 6185 1710 15150 85047 44097 64706 38213 93387 57039 78287 94677 92636 59767 
5057 18 
52320 92737 56288 35107 69573 37004 56493 54671 26128 20724 30101 27927 10394 37723 91836 27485 98302 51615 
349 20 
55168 71808 73350 45706 83215 56492 49971 93253 64201 59352 92378 99807 10212 17897 87536 97265 20469 18167 39545 34171 
6134 20 
14464 3 72197 88845 83989 17304 15130 58272 84770 54442 93362 59575 16441 21341 28511 15983 53746 20223 8314 46847 
6977 17 
16614 99975 75975 32393 71114 70124 17293 66128 70449 97203 26326 32183 1942 48057 99006 50143 
7412 20 
86753 59333 75750 33927 80424 13706 52651 69932 94954 45165 5212 34867 43542 68343 17176 31548 55422 33887 
976 20 
2565 27399 61575 96395 40726 3485 70061 1581 89648 84913 78129 20915 3121 84408 61758 7768 79713 92649 25452 69105 
1537 20 
91907 97801 86409 87307 74527 2729 12074 6451 48693 61374 37321 17099 72268 42729 54007 69114 33275 83836 77438 
8834 20 
27790 20112 17043 29971 28952 15140 47536 73288 27208 66250 32461 94166 26969 47838 33122 24810 69488 57592 80124 94079 
9937 20 
27017 86547 16797 66338 67641 55483 93635 65351 19533 64210 71638 80087 93406 73695 8300 23664 80626 93171 33274 32255 
417 20 
66048 10368 93582 95889 35858 275 67351 60189 23860 24763 47041 42052 1989 96586 54617 15324 99685 53611 94957 6910 
4433 20 
94976 51203 68362 19352 43036 66206 64294 10802 84020 38711 12864 66372 23365 63561 46541 27731 54230 29276 53097 51197 
6193 20 
5896 9104 86553 35872 36402 6591 8650 99532 60882 90838 30943 39912 3566 81647 46958 48885 91125 75383 80380 14845 
3523 20 
85122 83589 14623 672 39469 56113 82484 55861 89143 69437 66494 6594 49092 40136 61656 46939 63837 92911 22389 
6832 19 
39171 83082 86543 25364 44438 91032 25371 20256 935 72490 96968 80719 99670 59365 65767 18282 17907 26356 22132 
2468 20 
92160 58641 15132 44075 67246 4270 22455 64188 58943 82367 59586 55111 76499 75860 6745 71515 50910 97638 48757 
7218 20 
53763 45458 32922 88476 19101 49821 9385 41014 67526 17868 91340 51664 68180 75619 46565 10604 7404 21624 42873 58235 
7834 19 
35584 7810 54148 28688 43920 51735 34715 15667 60732 46790 49481 58700 5965 8043 17644 63472 42104 66811 19199 
5053 19 
25989 11913 47759 59427 97335 37442 45636 93125 97862 93391 25811 10965 19673 63193 95967 56682 59378 73720 39551 
5337 19 
64741 25542 83241 62762 91595 76649 21581 78638 39789 85424 24497 64465 34927 44852 89207 73977 89116 35646 
6247 19 
52998 93861 57766 82602 97839 43826 16436 84919 68930 13773 17357 87127 80219 23903 87397 39781 9586 1267 1016 
8806 19 
22017 26433 29987 78327 75719 4935 72171 38700 16845 15056 39730 53684 62452 58071 40312 37049 4637 
2929 17 
87204 30469 136 27465 21993 43243 35499 46862 44911 27023 38703 70385 54481 38518 58328 91547 81535 
9647 19 
20992 47109 93830 36874 25354 3723 15121 77077 25514 29392 69201 36307 46419 95318 35547 24037 14951 6639 22523 
8301 20 
56580 33035 79257 86813 93091 80421 79564 23887 42833 94550 44378 77403 8668 91618 73315 60520 59243 68204 77553 25209 
2442 20 
25730 48399 16400 84503 58775 72868 96549 98604 99505 62385 4533 9663 73543 16842 31444 48981 48214 40660 27609 69852 
6017 19 
27909 99079 908 80407 46107 81823 76080 97607 47062 99549 23138 96869 76518 13927 90217 44017 24947 36596 90235 
4413 20 
14730 37650 32534 7199 91694 3122 46770 84151 20025 86589 49728 20941 18639 7762 10327 28378 57058 66666 68090 59260 
5239 20 
60165 40472 84253 20909 99630 85295 72887 84030 32705 31060 96215 48604 98401 77922 60645 93034 77807 77815 78457 84346 
2664 19 
73485 69525 65434 84514 91693 47150 70202 31295 54995 80596 47589 73448 30059 39531 96111 57718 57976 52093 60287 
2384 19 
44035 74373 83871 75040 89392 15032 92352 47168 28226 40514 66377 40138 34763 32593 52570 84077 6258 65527 72828 
6836 20 
47880 73748 44567 11927 16538 39964 60963 2475 76334 7098 35649 43972 46021 63685 9803 20434 34777 13539 8810 43887 
1561 18 
90433 87458 71237 38789 16710 53032 5669 92091 18027 37612 9880 37006 27889 25619 30326 16984 58267 92126 
7040 20 
40704 20104 80914 15896 68762 9114 6429 81695 19113 63916 40241 51633 18632 10448 61395 26840 12011 36601 95228 
7541 18 
67202 86275 19940 52966 36777 36106 83095 5324 90316 38348 20145 89555 9812 93685 11479 39512 83579 13215 
8472 20 
46723 42883 99210 47754 42765 52642 78122 74540 96439 37818 28863 87231 40905 15709 1120 27105 88166 31206 71149 96632 
9583 19 
3971 42148 22618 98534 70184 30952 11881 69681 25138 84306 982 38361 96922 65819 91996 66941 27934 
7389 18 
23459 65733 19237 55750 73191 50251 77292 43180 8061 57523 88532 7893 28797 18996 52922 96539 6141 24479 
9269 20 
9353 17441 19235 59944 37052 29253 16975 76753 23128 96352 26592 22497 86757 95977 26347 20210 57458 93686 23676 50815 
5197 19 
79138 72674 88446 39479 58313 22871 24753 35091 16340 36950 31799 69462 959 23035 92028 2237 86398 45343 
8736 20 
66827 21646 8865 33706 80692 94262 85576 69455 11859 16084 5591 350 90079 33504 51427 60008 25964 38512 49650 24446 
8117 19 
4576 25506 33954 86052 45061 70570 95339 87340 77852 25582 85583 14959 82481 54384 42394 84635 97180 82206 
3629 20 
51851 4753 789 72472 66715 6044 88364 68531 5300 24513 93128 99147 12758 44889 26714 70113 16242 64501 5750 
8750 18 
7264 51553 88161 49185 58401 34853 44610 92134 31847 38092 32270 83312 9468 87766 56668 74777 62683 22364 
19 20 
54031 289 2596 33832 59697 53043 31923 15417 53181 34109 57153 77516 41297 84320 10987 84845 50289 45938 62074 82303 
7833 20 
55296 28929 17284 76171 82706 13335 96292 75439 951 6455 15040 27970 65603 81100 80729 25955 77924 13413 28263 
7988 19 
77953 11809 29220 38340 99652 73639 73737 60842 71914 56908 78125 54800 74963 52276 6005 92503 99324 56061 
8839 19 
62467 61444 30601 17418 80409 11548 48420 93992 73517 81713 13780 15830 25692 4964 66404 76776 24954 79479 25978 
7484 20 
97413 83090 24604 31262 80159 74915 62288 1233 6999 30428 89053 35042 94567 33899 51693 499 33011 13048 27513 68859 
5469 18 
6240 34624 71779 66309 41959 66396 90219 5116 53581 94990 71115 28439 95665 24373 81175 80793 65340 61342 
6185 19 
47875 81670 75533 1550 49168 85140 26521 4259 80553 50605 94908 10957 13777 39140 92901 43886 88182 64503 53631 
7287 18 
18785 67875 47716 35972 75752 41289 31373 53773 12943 73935 31985 51665 56179 35538 84244 9724 70999 91452 
6020 19 
7074 38747 55774 16329 95373 141 20367 25232 65581 37584 77779 35028 46814 5209 6235 95225 67998 38495 
7709 19 
53259 78733 17174 91415 69407 28069 88615 6194 24499 67654 71892 56021 37972 9816 80735 58854 23021 70512 99195 
2195 20 
9115 21788 79516 31905 13602 67749 59308 89775 85567 53185 62410 30283 462 64341 18650 21469 11111 25329 34559 
7072 19 
14344 52746 97556 23190 95521 17708 26289 80706 3659 96718 60880 90714 73842 72820 39286 95736 96889 28666 23931 
1465 20 
30721 33539 6159 90912 44199 81711 29361 82355 74811 52286 18009 19036 45149 96 38758 50666 71796 10613 7543 78843 
1340 18 
2239 26338 66307 46563 2184 56105 7227 7179 30989 83278 79385 11220 29399 9369 42587 18235 70815 
2922 20 
75524 16526 87058 76311 88220 40862 53663 42405 32682 33208 26814 19408 51794 45653 9446 62828 72305 33656 30076 72829 
9618 19 
25482 4238 44304 2458 98974 62769 82354 69299 94777 50619 8646 98375 22615 59376 62320 89076 33397 84855 9983 
8922 20 
67842 84996 54162 66324 85397 42017 81571 18982 39595 89647 65981 50624 20304 96594 21587 44118 77920 3565 65273 41981 
5628 19 
70848 77697 50978 2466 49668 65347 42200 62968 19434 20184 70865 98738 65848 37945 56090 93725 42494 60959 
6464 18 
58880 84763 88610 70117 49221 78557 8972 42093 73743 7568 42483 73781 37271 19163 7421 51166 71231 
1262 19 
4865 60418 81930 97293 89874 59548 21917 28974 52936 63823 91993 37217 12010 15082 93039 99440 91379 76659 89597 
9836 20 
78858 84746 63244 49563 85288 93608 32683 10156 32046 15151 34747 46523 64956 92220 65991 54368 37094 86374 72558 79991 
972 20 
60423 47495 16153 42783 22442 41005 23737 54586 71103 2497 17859 90445 15185 27474 55508 2389 67802 43377 67061 35199 
8884 18 
68993 42053 3550 55880 59177 6991 63572 36919 90230 12151 20310 82713 67226 22326 26684 11645 94654 96767 
875 18 
31777 66502 83367 69768 25801 7369 50280 23244 19725 16430 58702 24063 18696 45012 1076 22879 34973 76351 
9636 19 
13836 8473 11817 97065 94382 77358 85429 3261 81091 27211 52435 14039 45399 22875 26596 7273 4076 74739 66300 
1215 19 
28288 11905 87296 92420 76553 4878 72463 66450 31267 38052 67496 32697 93761 72157 51428 78323 38005 3191 74238 
7380 20 
35840 38921 60172 37914 82460 87971 28082 2230 12342 86337 91080 93267 20947 77412 90981 60646 31465 64757 49526 
974 20 
52876 5647 34577 59541 50584 50200 81697 75170 18860 8501 90806 59834 29246 44538 18023 36841 52218 81788 95871 
2247 19 
48484 68220 8131 38308 36357 84230 68102 75941 22281 37130 63658 52810 996 82702 81455 51686 12144 30364 
4388 17 
65184 5537 12450 59041 34052 46182 50184 84944 1073 34992 57524 66454 81015 36024 12154 
2596 18 
85984 8770 99555 92388 99463 89768 13673 39432 81132 61967 62448 77235 27348 7317 76435 34838 27542 55132 
5639 20 
37394 24597 47904 10915 3492 34598 93994 36910 9399 40505 83004 5820 18113 6993 35423 54255 48368 56052 98037 80119 
264 20 
43906 51971 58244 49927 99607 49444 33829 59053 12083 32309 69178 26064 25941 68055 73181 99300 22244 19188 92154 
9985 19 
46976 43277 57997 35989 31641 4521 86708 44342 27065 81469 81477 18118 13262 95315 352 5474 71651 94829 39791 
333 20 
56452 66077 42018 65703 22979 54340 2253 14167 98009 85210 16094 17375 83552 77281 28898 66274 26728 629 56312 43130 
9277 19 
82049 75269 32901 76296 1677 8730 52765 17950 85535 61344 69537 71851 16941 98478 95698 24431 26618 1404 4990 
6991 18 
1984 43937 39427 94663 8839 18473 27179 71212 36109 37168 40849 81265 25107 64979 49014 27383 74367 
6468 20 
33024 93445 12308 39842 29476 60710 5418 2730 52653 45359 43956 15038 84678 68680 3664 70998 6743 85490 38772 81275 
1551 19 
68416 12481 44066 2684 56068 97317 37223 57225 21609 60973 41567 51535 4790 8504 34746 9404 88606 57630 
1928 20 
13849 9633 71206 97196 83502 71220 16058 7612 30272 78401 28227 56262 99276 29389 2137 37082 35298 91387 98559 
6141 18 
91077 75205 13895 48360 50634 14509 88688 94993 38641 17779 75195 82967 57400 15322 11291 53885 38111 
1586 18 
9184 72033 91872 81029 99143 6839 79629 59150 42446 5425 30002 64819 46358 37911 98168 75129 70460 45853 
2005 19 
36257 95397 77068 94316 21358 84815 78552 57394 65171 94802 85118 26904 31161 83642 70907 97916 19293 17246 
6497 19 
4320 91970 59139 41187 45431 91704 39819 84139 39310 96622 33968 791 54968 80218 80411 58460 10431 
1420 19 
76512 11526 88102 89894 26410 80524 18028 24206 84686 39276 28783 72371 82035 20791 74425 46426 27803 1597 
8924 20 
94983 39946 11531 63884 19112 60589 70709 43711 36417 4045 35280 35164 18916 75238 37607 82408 74346 3317 12031 
2666 17 
4386 33667 60452 55114 86730 18220 26796 25484 78768 88819 24085 95190 29143 76598 53405 15898 77976 
3445 20 
81792 67596 38675 4892 37423 85296 51247 4035 42696 21852 86625 44515 64997 33382 54121 66283 61680 34801 96884 27253 
1692 19 
36480 68516 44581 45606 12711 3721 1643 93036 13679 93935 56466 97683 87509 17111 19384 75801 56858 51199 
6258 20 
4743 91261 61990 2681 79538 99517 39742 56382 86338 52036 89297 40405 1626 49500 18399 78186 64880 18166 6905 80381 
6263 20 
94082 37903 28689 63022 79926 55235 65865 29130 6859 78035 51412 87009 55536 84977 6514 60147 83442 80246 17914 
6715 18 
92033 94724 69349 35878 49510 96008 9544 26822 3598 70288 34769 95314 68116 21077 67956 75926 1147 98111 
848 20 
28295 96781 76562 4371 88991 66596 26788 681 26029 87597 74184 10699 69839 19413 7640 1508 94950 71790 80884 
1725 19 
47814 21222 75688 23399 58216 83499 64105 72812 73196 37583 51028 96309 83255 11418 98779 47773 19198 20639 
5608 20 
81161 80523 5011 91541 83487 31023 66487 47547 55890 77010 27604 77270 19034 77152 72801 88551 25460 95222 31736 
3038 20 
87299 83715 6021 39175 77961 15116 6670 74535 77621 39108 35781 78023 69583 15187 85081 87132 42724 88556 54771 
7793 19 
71042 72328 64014 32914 18067 73878 32793 76578 72487 31285 76605 19140 74441 85846 94310 20711 58735 61304 45180 
7050 20 
39815 6540 21397 53270 34199 85014 13613 41269 11958 37315 84806 79055 54619 45019 66657 40683 57452 63853 37230 35575 
4482 20 
54183 44967 44553 89662 67305 57388 78570 90221 97425 50173 93118 24692 44312 49467 10365 81854 89503 
9359 19 
34050 73996 82061 8847 13330 25878 35104 68912 27446 1087 81348 76616 3917 63696 89808 50397 64099 16230 72169 
2762 20 
91667 88859 41243 97191 64425 98228 11579 61888 60104 64328 46548 97493 25305 80991 51939 5100 41582 64889 79870 
8405 20 
75782 54822 27052 35887 2869 11318 21434 55744 94531 15557 29265 70616 14680 17767 4455 8937 23404 86386 85493 62327 
3099 20 
73481 75284 67095 23576 95897 540 80302 13117 45758 70860 98898 91092 19156 89187 70504 24562 33907 11896 70395 
9998 19 
64416 14081 865 85027 32067 39237 97190 78073 73064 85931 34701 31316 7541 7193 53242 23867 93052 
4006 20 
29579 16659 70040 48413 95141 94250 55852 14125 66990 69553 73549 27982 11214 35677 26469 20336 43253 51192 54398 
9847 20 
76930 42249 67470 25360 37905 49572 86436 40102 31148 85170 96190 53569 81346 34886 98774 83562 11764 83320 90236 51583 
5272 17 
37152 14946 83652 18631 8396 79790 37519 26000 49264 50995 6228 54677 38740 82744 52185 37339 
9060 19 
47744 28418 85768 2832 32288 51498 3631 75184 17460 78524 73534 21954 82115 58438 91847 30539 15588 49125 39421 
